5664
442
1624
9315
9209
6768
1511
6162
7586
700
6756
5852
4306
5946
4082
2215
3696
9616
3399
3617
2483
45
2588
6243
347
4114
9282
2006
3688
2997
1836
8886
2515
9900
710
1728
7991
2008
6059
4977
1555
5806
3342
6786
233
7539
4285
8964
8571
4122
1185
4168
9825
5718
5303
8167
7669
5671
7106
3922
4854
7078
7800
9230
1429
6936
7684
1596
2995
1930
481
6724
6375
7114
773
5276
8234
8806
7790
2194
3856
8638
1088
2553
7499
4259
9516
5826
6036
3232
3380
2472
4204
1474
4680
5886
6038
7926
924
1198
8913
3921
335
4224
2397
7252
2337
1590
2201
6546
6658
1480
4818
1709
6798
2126
1008
8460
9445
3369
7319
8296
3082
4611
5929
6307
1465
2027
9583
6386
4881
1123
1912
6021
5729
1796
8794
3768
5520
6486
8863
6438
3606
9306
828
1864
5271
5109
1769
6219
3035
8615
7110
8802
4784
870
5417
2230
4518
7985
9950
4362
6532
9492
5983
3360
9949
1084
4402
1103
8698
3697
6738
6222
2437
8811
9249
8330
6936
2688
9100
6155
2255
4352
3158
5035
3206
2451
3581
6768
703
6571
5010
1668
7676
8429
8417
2645
711
9453
3022
4421
225
8266
5371
3024
8551
4114
2349
8847
9639
7403
1500
6318
5676
2344
9902
2446
7325
2453
1314
868
8062
7072
4651
5375
4997
263
2713
8385
6537
6430
3350
932
5407
4168
6695
7100
3012
1930
4513
5732
1474
3865
2299
5743
2998
8562
6047
9817
2049
3535
1628
273
3452
8571
8873
9441
7960
4736
6385
1439
3864
6810
2876
8255
4186
1114
8986
4276
434
7062
3784
7886
7307
1878
4355
4550
2601
7718
7620
6089
7935
2352
2826
5105
1131
5613
6141
1848
4741
7784
9904
7086
2264
6724
9658
6050
2454
4722
4226
6707
4036
3725
3230
4245
2636
8311
7534
4317
1410
7502
5506
7172
5822
6343
943
5442
9046
4309
596
7663
9292
3504
9467
5359
421
5153
2511
1896
3533
6654
3188
6437
7918
2727
2572
4907
1174
4909
2905
9454
5724
1440
4447
6581
1928
1964
448
5262
9454
2818
3846
762
6603
7019
7258
2985
8585
2760
7695
9574
7662
1400
8533
5155
8029
4275
3140
4164
4248
202
3293
9368
2216
2260
6090
9743
8782
4727
6107
12
1236
6689
3389
198
4115
3020
8254
5223
590
8772
1860
2832
5171
6724
7546
9927
6583
5325
5197
5278
6562
1257
1307
9092
8915
7952
607
1245
1621
3935
5368
4779
8157
546
4096
4615
2593
5226
2840
1187
1848
8812
6386
3583
7098
4304
4755
7998
4062
413
5511
4024
1914
2804
7626
8676
1718
3076
7171
9307
4378
4362
9596
1378
4845
4409
4812
1731
3142
4064
8867
7194
3391
4354
1420
6387
7736
9398
9596
2219
728
5061
5385
5656
4509
3216
641
8983
6220
4186
5484
9448
7163
6497
7714
6256
54
9964
3814
4895
1806
5989
5300
676
6524
8601
5286
7824
8765
8161
2775
2777
190
2902
8480
2224
7238
29
3389
3076
4
7112
3954
9061
8739
3352
5658
2620
7302
2653
8315
4431
4931
4090
5806
7291
5778
7241
1635
7384
8533
7836
9876
5822
1244
7874
6156
7314
488
3533
8330
1196
5282
6452
8297
7773
8926
4475
4755
240
9170
882
8585
2242
9852
603
8389
2138
2706
5766
2016
7795
4740
9973
1384
1453
8857
7006
1737
747
3516
5165
1269
7250
3782
5083
1871
1883
8264
9895
5319
4131
7437
1432
4225
47
4807
4170
5597
2167
3442
5550
9828
5036
4151
2601
9068
5972
1029
1774
9530
4199
8743
8226
9520
7590
8443
2713
2748
7390
8421
1552
5252
8570
61
2460
5555
5312
1049
16
740
7456
3527
7692
2005
9165
8822
4359
4484
4384
7842
4148
7424
487
6830
7839
5817
4689
4144
7667
7077
4821
3969
5068
1532
8441
3535
3447
9166
887
3072
1300
1619
9266
9917
2724
697
8033
1562
7836
4580
1381
810
512
298
996
8214
9133
9163
784
6086
3782
8527
1438
1991
3199
1833
1680
4326
7287
4826
4665
2940
9522
3603
2813
7175
5934
4747
6208
8884
2970
7101
6711
9300
9402
6968
4943
5861
3250
5659
2488
1585
5075
3950
9813
7119
2327
678
9511
6392
5373
5013
257
6309
3672
4974
2468
7038
389
4813
8902
5431
8256
552
3838
5901
955
1405
9412
5918
2724
6905
8396
1349
2996
1717
3680
4700
1001
2878
8755
2834
703
4644
8064
2716
7866
683
8961
7640
7858
8740
3866
1401
8827
1610
8273
6269
9630
7859
495
9984
5218
8820
4113
3809
7169
6930
8511
964
2410
4455
5981
2673
1653
5048
7743
6658
6765
369
4207
6559
4479
8581
885
8619
9627
8031
6910
1957
4719
4331
6230
9857
3825
8319
1737
6127
3542
4298
1493
9113
590
8948
9671
5017
133
3160
6826
8696
7404
5525
3445
2430
2923
9944
551
2351
4387
6816
5546
8522
4319
2475
4311
1357
943
6507
883
7623
3748
2698
3413
7083
422
4412
3828
3585
2066
6614
6048
7047
998
4911
213
6205
3518
9720
6467
2408
7491
4506
2914
303
3950
8521
3009
5308
7560
4884
5846
199
6856
9109
9812
4297
1257
1913
8920
6749
1186
8575
4865
2538
8053
7481
1603
1765
2294
4305
2083
5251
5731
613
8480
2692
5378
9366
3974
1977
1857
7003
4432
211
274
2972
5840
1378
8234
1450
5640
2051
6184
1134
8527
9530
5515
1018
3615
9590
5098
2764
259
8459
3933
3979
335
5188
1503
8104
809
4460
5942
7536
224
6596
8033
1307
3292
1555
6791
1059
5901
9655
9960
9719
5411
739
5620
2555
871
9945
9939
1716
2623
2858
8484
8785
5079
7238
1713
8273
7624
3520
3431
6912
67
7896
2596
4498
7799
4619
7774
2720
8837
430
6765
3217
5111
5689
9401
9806
8414
3697
728
6967
2916
2218
2233
6600
187
256
173
4735
113
4508
9332
5920
2297
9039
1079
6864
4024
4763
3874
4039
7429
6718
3227
8912
2157
432
1198
2330
704
7802
5317
