7701
4204
4749
3434
4101
8115
8995
7679
681
7805
4114
5210
5771
5783
2071
4454
5359
8543
4559
6674
4278
692
8970
2326
9834
539
5998
1155
4818
5938
5455
5002
4913
9999
8467
9559
4928
2646
7268
1031
4022
4319
198
8805
9083
6082
1615
1038
7923
7225
4240
3233
2725
2038
5467
7930
2586
4263
7173
6489
3782
5733
2864
6440
9280
4327
4646
6681
3646
6439
5533
741
3449
770
5713
1713
3063
6855
7673
3603
1927
1449
2295
8589
3435
5247
6657
1031
5196
4441
2124
8700
2771
1912
9744
4605
2598
2809
6642
1220
4989
8682
1874
483
4755
1605
593
9188
5425
6409
3102
8234
2000
7811
3471
6572
9073
8373
769
6246
76
5683
9484
5728
2904
3350
5575
7953
5803
6601
3152
6034
4887
9216
8350
7307
5390
4137
2123
2616
949
3081
7679
7024
3737
949
5442
917
3200
4573
8885
9368
2846
4318
1945
931
1592
2100
7316
633
3857
7560
255
2607
361
3457
4105
6932
3647
871
4085
7866
2525
2654
1701
1275
7878
2330
1441
1191
297
4134
4274
2575
4695
5569
7929
2532
7996
9802
2415
5120
5010
2355
8824
5629
1996
4486
6924
4165
8134
8280
9250
776
8378
3300
4977
6212
4981
9511
6406
6402
1110
3594
5775
2695
1898
5739
3450
4099
4494
9946
8572
7900
6690
1316
9342
7974
9760
774
135
1792
5821
7668
859
8245
5695
4671
9588
9680
337
7160
1555
541
264
2646
405
8928
6929
7032
6577
9161
1294
6779
3924
6249
3660
4111
2965
6685
8437
696
5033
479
2830
5548
629
1561
4495
9873
7837
306
2482
8348
9489
7271
9573
4340
2836
1855
986
1897
1163
8839
6174
7048
3518
4119
2051
8941
5891
1617
6133
7041
4156
1798
5740
490
7100
7949
8341
5484
6506
8715
2711
8107
5466
4628
493
5333
3069
7457
711
4637
6686
7232
2049
4022
4952
5553
7365
8618
7864
4412
267
4119
3061
6498
2904
1837
1242
7750
8995
8057
1790
6855
1150
5467
2254
1799
1392
2778
40
2094
3423
9052
4187
1388
6312
5993
2069
3678
1995
2517
112
7804
1529
2291
5722
7474
6406
3886
8425
3298
3630
4291
7729
463
5745
2369
4954
9806
3573
689
6327
7838
4947
5101
1632
3737
1329
8938
7724
3299
6954
429
3813
4096
6696
7899
1015
1825
2845
7084
5392
6039
2609
9444
3055
3278
8771
6455
7261
8855
6393
119
589
358
9378
387
9213
2614
1252
6091
3204
6288
6891
7768
305
2063
8544
3098
7110
9088
7055
2877
3511
5758
7355
3116
8189
6533
5063
9258
3979
9918
4616
6358
7084
7845
5307
8664
5369
5740
939
1011
4410
8301
2970
9772
7475
7854
9724
3948
4155
279
1327
2821
1340
3875
8774
6674
3668
9001
2090
3797
3980
5094
9373
4106
5341
5564
931
9668
5636
5927
1550
6292
8681
2828
5823
5912
5310
3733
7314
2276
5237
5835
8354
9104
9565
8966
7255
8443
3740
6282
6849
6352
3193
8044
7402
1687
5071
393
5449
5775
2964
5023
5991
30
7185
5085
9703
3459
4329
4326
3405
8114
6405
6639
9596
4554
348
6342
4656
9354
3081
8889
3918
6812
5614
8096
2456
3748
9735
1048
8701
3161
5824
8638
2608
2030
9910
7080
1020
9325
9579
3361
3041
7390
3314
3840
1152
5551
8089
7147
7167
7285
1054
8296
9019
3401
2135
1839
6377
6683
7663
1849
2171
4815
3567
2968
4012
1611
6275
9341
4991
4561
1409
3319
1096
7912
1249
5230
4950
5078
4515
1888
7410
5864
6216
7578
7416
4738
9396
9669
9324
3900
5302
4872
7033
2187
3723
960
9941
6675
9248
674
6031
698
1937
1990
8435
783
2853
6493
925
8730
457
7045
5979
5494
7249
8780
2202
3367
5474
5659
8291
2316
1153
1245
3011
7487
1708
130
6075
269
3976
9851
439
6018
2073
7914
6948
8280
3785
703
2916
9103
4708
5533
8432
139
4845
5428
1140
2659
5901
803
6371
5281
2962
3327
6892
7603
3801
6674
5041
5485
3252
780
4506
3008
9693
1149
9961
9950
919
8999
2760
9583
585
4101
5096
8968
7195
7263
7050
8288
1162
6447
7872
8540
1929
7811
4572
9698
5944
7266
3860
7996
6240
6867
8570
9677
3153
8259
3728
3086
8276
4497
5984
3300
5095
3540
8003
5905
9232
2654
4548
5328
8554
9838
6149
2393
3235
9894
1690
5138
7148
5516
9212
6494
2098
6702
5110
4784
4130
9765
5277
2456
8606
9756
2758
2394
668
1476
319
4093
7539
2765
4012
2728
6845
4074
915
193
4302
7957
1996
1558
4232
7027
555
3240
4442
7926
9794
3465
6613
7731
6196
3384
3554
5344
4273
9365
8177
723
1753
5664
8607
6036
6777
5823
9313
6745
5002
5698
9913
7424
668
5987
8226
3015
1333
6758
374
9567
7490
1857
2110
3103
4038
5979
536
2444
855
6242
5736
9453
5286
11
3721
3093
6530
5754
1565
9682
1094
9372
7344
5030
9719
7752
9972
9558
8729
8698
5616
7745
3029
7434
8576
6382
5196
1314
7959
8455
3081
4573
3168
4640
5184
156
2447
6716
6803
5810
7768
1640
7299
3678
6339
7156
6100
5417
3459
3966
296
34
6343
8266
7547
2340
2335
4317
4703
4067
9204
3852
6822
8266
5456
7828
4389
2417
9449
6155
9226
3060
8833
9584
9983
4919
2325
1609
7922
8651
6730
4008
426
2286
3565
7455
7891
5558
1608
2098
4564
7877
2168
4490
3861
156
3578
3449
1117
9949
5623
6269
9829
9660
2717
7050
5053
1681
4668
8479
1752
1198
9013
1897
6579
1763
9220
6357
4641
5069
4524
8581
1242
9076
9982
9310
9548
4295
6554
9310
6730
9621
3756
5999
6882
5178
5015
4989
4209
8518
5781
7546
907
8219
3821
933
3833
3302
9021
5152
884
3832
8123
782
5559
8319
4320
9726
8397
9139
3611
4217
2408
3397
5420
5552
4423
7376
5120
4549
426
608
7349
8900
5374
6689
7255
906
7375
4497
834
6111
5955
3870
4115
65
2243
8029
3554
8324
999
9999
9922
