1751
6111
1830
1554
6039
5773
1859
5184
5521
6190
8934
1396
2561
288
7424
8823
664
9970
1363
7116
6260
8026
2663
106
4096
7631
1557
3628
8017
8404
6214
8903
6364
1360
3156
2662
4885
5489
8064
6183
4824
5805
4954
1139
7700
5923
6253
5328
862
6002
8654
5730
1991
8011
6074
9486
9206
9036
1630
3839
3697
934
7381
2380
8523
6104
4330
5570
7006
2849
5108
7787
8006
7729
5199
6149
9892
3742
4502
7503
6163
1434
1883
7469
4859
5847
4552
6388
1031
5799
8619
2936
4697
1534
5526
3677
4553
5927
6105
1014
9605
1852
2948
9482
5480
4355
5225
7813
8939
3791
8136
2916
3237
601
3359
2706
7813
9504
6798
6320
8588
7015
8761
5850
2929
1000
502
6434
6323
8116
6
5869
5797
2988
1689
4811
544
1944
7683
9547
9213
1823
5510
2429
2940
2023
6023
1632
1436
9156
7333
7740
8957
7615
4962
6217
6514
4913
1677
9628
8474
7987
2695
2548
2236
8963
9875
3223
9351
4242
4079
98
8372
7451
7123
987
5667
1434
674
270
2029
4179
1648
4479
3841
2503
9057
9847
7779
3531
9784
1255
6586
4181
2855
6755
4708
8973
5876
8436
8178
1096
3647
4980
5576
5213
430
3564
4679
8885
9472
1927
7351
7345
7464
5654
8789
173
5384
3846
4720
2529
8383
7042
2423
2630
5068
9222
8399
990
9829
5937
4639
6557
7362
5779
6951
1118
8818
9674
6101
896
8535
5679
2847
8051
5441
4002
9902
5508
2063
4185
7027
1489
5981
1404
391
7935
8460
6780
1985
8991
9651
560
2206
9756
9588
312
327
5590
6255
1644
3633
210
2305
7344
6129
9935
4323
8763
161
748
9155
9697
2237
1243
3764
5228
6759
4944
2200
5094
5907
9321
1638
4726
3020
633
7633
7497
3622
9905
2310
6768
5742
6614
2787
1290
6037
3145
987
6816
9949
7725
7504
7863
463
100
3487
4992
1992
8994
2674
6332
1392
2191
8646
4773
2069
5509
8387
1496
1153
8349
9708
2859
865
4338
5217
3444
1342
5832
7683
1940
255
175
9111
6928
2375
9418
3317
8259
922
8153
2005
2817
7075
3001
7250
4221
466
7533
96
4960
5023
4967
6511
6061
2747
1655
9441
5712
7098
6865
418
7595
800
496
3918
3144
7033
9745
5281
1727
5966
1687
7824
7854
4027
1829
4098
9469
3131
8380
9401
8981
2733
7588
364
4678
6554
4266
8974
992
738
8416
7096
3761
9595
2025
6927
6618
1404
9449
511
7755
2117
6135
7037
8489
9226
8739
2840
5062
4307
3277
4857
8176
8162
2606
3636
2009
7077
7606
5945
5260
8084
9961
1820
5400
370
2024
6156
3016
7075
3630
3675
9464
6663
4910
6853
3428
4951
2871
5897
383
6221
1720
403
3864
9218
7598
2899
4604
7508
7576
9531
8313
4866
1517
9089
6224
7660
4540
3587
4347
5548
8350
1473
5210
3434
6000
6681
6723
3230
5194
8175
7770
865
6033
9907
7597
5537
3939
1426
9891
4929
5167
4800
4242
4003
9646
6802
5068
6365
6667
6603
5172
9962
2212
3334
5780
1130
611
8736
6202
5258
6594
4697
267
3029
968
8273
1475
7710
9010
4945
3753
2028
8182
9814
9343
4705
9501
3756
3433
2232
9802
4549
8197
7246
3730
3282
1476
1610
6589
5476
9721
6640
5898
844
2156
1147
1538
587
6007
8414
1009
7346
9248
2777
9526
8482
2737
7288
3367
375
4746
4333
6438
1500
880
8216
8845
2954
7316
6880
6453
6410
8228
9290
9127
5099
3447
2705
6000
3231
3082
9165
2338
3743
5290
6276
5488
3864
645
4993
9014
5997
5248
4404
9369
9095
1714
6947
50
5038
5349
2782
5264
4273
8182
7131
9195
1712
4384
8148
7619
7941
5311
2565
1458
8864
8325
1345
8618
4470
4082
4504
6710
9798
2103
1728
7165
395
9790
1927
8640
143
3314
2066
9333
2541
5939
3494
3109
6964
5442
9823
7105
2971
1521
1151
1512
3043
7311
2048
1168
8426
614
1799
1192
9974
68
5969
5868
3759
5386
7100
2709
8339
2260
6375
8011
5937
5371
9609
5658
3321
6056
2515
2139
2542
9880
8093
852
6456
6199
553
2320
7165
7726
7525
8437
1729
9
7503
6211
8453
274
6808
9925
4482
7784
4816
5292
6438
6087
3798
5093
5962
1113
3482
6652
3659
1048
6985
4279
8376
7590
6669
6483
645
2461
3877
1947
5527
6879
591
9045
7292
4992
4300
6383
4329
8428
3263
9042
4999
792
2969
7919
8671
3178
9910
4184
4735
7609
7168
1985
8081
9622
4690
3219
8562
8518
8628
1983
9268
6870
1493
4039
538
606
2053
7040
9365
8513
8481
2986
9626
571
5161
625
4976
5007
3990
8837
7498
6338
6144
6351
2022
7883
6811
3271
4081
823
3200
5569
8364
9718
4116
5959
6170
4410
495
6322
8317
4847
9576
9652
4139
6857
1436
7442
534
8393
7457
1076
1198
9432
7923
7320
2754
905
2108
3652
7138
1793
2508
9227
7890
3061
1042
53
6918
5990
6864
1031
135
5669
2167
2674
4068
8784
5916
374
6305
9462
3274
491
9154
3770
236
8675
1935
1989
4595
8161
7162
3591
6262
3786
2237
1783
2497
3987
2625
622
850
4629
3234
5185
8047
6186
8368
882
5645
1004
4938
4348
549
1176
4789
9392
2764
2821
7529
6886
2344
8442
3231
3480
8205
6496
6260
5121
7738
8482
2879
2780
706
4723
1148
4015
7467
1478
3070
4303
8669
2958
8955
7067
8639
3148
5639
5722
4020
8648
8407
8479
2538
6006
2680
1103
6540
8451
9274
1630
3974
9058
6954
2904
9597
8962
2535
3387
8068
7972
4669
2901
6068
3170
1545
4811
1821
1534
3500
6158
9826
1729
4000
6916
1056
4859
2315
3516
2375
8548
5342
2688
7334
9026
4501
7758
4984
8234
28
6877
3366
8188
4924
4332
7427
2856
7707
836
3432
3936
1797
649
6929
6234
3
5602
9665
6885
1181
4669
8938
2119
8198
3574
1406
5799
1511
645
4169
8479
4542
2668
6054
6937
9579
6003
3029
5337
7844
4261
