5527
2623
339
662
1270
4359
4162
3009
9740
3700
1489
2850
4231
7163
5815
5288
9891
2721
2629
5840
8114
5622
6249
1180
5928
1267
110
4104
3504
7505
2663
4769
1234
5578
7349
6743
3670
1828
6958
2575
4381
3499
927
5360
7783
2325
6412
4605
372
2897
6619
557
2870
6330
1129
5173
4059
277
4644
9391
8210
2395
2402
8324
9382
9852
7037
5092
4007
8372
5846
9477
3936
2850
9865
812
5351
7025
1476
9994
6336
2840
9893
2748
2971
7439
279
1826
511
451
5853
7765
6331
4885
4117
2177
4184
3714
8681
9054
8266
3090
6826
1697
3314
6529
8381
9087
4891
4374
5050
5891
4400
4261
2343
4446
309
7012
6011
5564
3339
1444
5301
1392
5126
4010
3406
5501
1266
759
7691
6546
1105
6108
4238
4811
2486
2190
7160
8185
2240
8399
8454
748
2922
120
9563
2222
9207
6482
9385
1478
262
3299
1911
3577
341
9990
5539
5721
2492
2783
2162
828
5929
651
8607
2825
3377
5280
5231
2595
4295
6052
9233
4667
4717
5025
2264
2683
5151
9298
1056
4317
4367
9441
3462
1767
3641
2171
7081
5662
3233
6521
5686
9557
3060
9925
8980
9402
9312
7639
7347
3626
6640
145
8525
7572
4916
9855
4008
1548
7666
7966
6669
3892
1685
7536
7241
8417
2712
256
5247
6254
7776
7678
6980
7224
4079
2696
8603
5238
7817
8048
4686
1405
9600
4194
8647
1840
2193
93
700
1521
893
2713
3850
1114
9354
1368
290
2569
4204
1646
9203
383
193
3505
2835
3804
4664
2400
9787
5824
6361
6187
8384
7503
8286
9173
4758
768
3906
1143
7852
5517
9377
109
7226
5237
772
6208
7581
1221
4270
6590
9758
5023
5472
9896
5860
2673
1727
8377
1120
8265
8774
5280
156
5595
2062
1770
1360
2937
9165
5522
7664
3333
2298
6753
210
122
731
5959
9277
7040
4154
6771
8563
9688
8449
8094
3750
3272
5611
3589
7405
6859
9672
9009
8455
6802
7452
2149
5923
2605
4569
8609
7394
4167
4780
4613
931
9368
5680
4770
9118
2726
5857
5341
5258
7228
4385
1882
5602
1803
3327
4878
8430
1200
5308
2255
8016
9174
1771
441
1922
4295
7162
5307
8322
812
3634
8558
86
3942
9536
5910
7021
7912
5700
9181
5901
9460
2435
3630
8808
3357
3656
4598
7250
7876
3805
4108
9888
6820
9370
924
2487
3139
180
5079
8756
7012
7241
1312
7014
7506
2114
2005
5727
9635
4400
2931
164
7398
9043
1445
6238
4689
2735
5972
384
3651
6723
9529
1378
2705
9417
3381
5032
3952
2590
9399
9828
3616
4973
7852
7760
3157
3584
6078
5370
870
4180
5731
5380
2830
1838
4335
8038
7930
9320
7213
2078
8060
7748
8293
2514
2357
1395
8377
3307
6695
3639
4427
5914
2816
9400
7176
179
999
4669
302
8371
2132
62
9445
830
3782
838
4994
489
7457
2370
377
227
5958
4651
1511
3898
9068
6042
1805
1464
5847
8724
3828
6572
4178
4921
6495
9072
8494
842
1105
3267
2658
3676
9405
1103
5856
9932
3487
7363
3055
7377
3580
1922
9738
5842
8528
8882
9560
2348
4925
5273
6333
4721
2062
5333
2467
9630
5195
9963
2893
9749
2391
2132
8380
9495
1787
271
6015
4203
3842
400
8788
7706
6328
5098
6655
1702
9734
2425
5689
8308
9580
810
2034
8435
3722
5044
9055
956
2653
4212
7196
8272
414
8861
7563
8920
2199
296
2984
9284
7585
4782
7249
3155
2148
5264
3621
6560
3733
6785
2105
9246
414
2112
4862
9974
4091
4603
3169
4948
3033
1611
6216
9395
3316
8484
7388
2834
7837
3773
3129
4582
7107
976
309
1993
6123
6156
1256
5474
2490
9590
664
2989
2453
4587
9974
6059
2376
9276
7394
3379
3124
9905
9529
57
5318
7305
2201
2123
3168
6498
3915
4135
1442
7950
7292
314
4491
2044
9065
379
6333
2718
6290
2707
7948
786
3984
8395
1479
9133
2509
8789
1817
8640
533
8044
6774
134
9242
6122
3142
8711
9719
7232
9437
5467
6616
4356
3339
5547
6415
8412
9622
2146
9603
8131
5422
8523
8821
5914
9085
9375
5800
7381
1898
9754
7935
6490
8992
8816
6666
9001
8499
9291
5609
1882
8701
5542
4652
4002
5530
4822
213
2939
3764
7485
2576
5489
6213
363
2685
6928
7850
5799
7528
9694
7248
7965
3711
9533
4310
7391
82
5936
9018
2424
4563
8957
8192
9885
6270
5884
8898
6757
7862
4117
5252
1017
8399
2331
8310
8756
9710
5320
7899
7593
6162
2905
6758
2809
5895
9914
4335
6268
8142
5580
9481
1084
4673
8683
9484
1480
1718
5765
1312
3547
2648
9539
5147
4049
9505
9558
2303
9663
4530
7630
5351
4894
3353
1061
4496
4915
2982
6773
9969
7073
2158
6809
73
5174
2306
5111
3286
758
1445
1029
1235
8260
4205
7492
8170
8492
107
8171
4544
5928
9198
2964
1913
9588
755
9851
2472
3604
9837
3388
6293
1808
8170
9389
8568
6764
58
554
2925
2355
9412
8935
2771
5945
1192
8076
5713
5096
972
6047
9982
394
3230
8946
1124
6678
418
6233
1119
7254
2359
1404
9058
2184
9486
4498
8176
9574
6439
310
2318
5908
1403
5068
4495
8371
5913
2624
984
4635
575
2885
3091
8016
9209
9557
3452
1943
9503
9398
1013
3116
5877
4123
8184
4617
5103
632
7423
1708
3371
697
7028
9782
6069
3710
9214
3390
5225
3149
6115
1168
3901
7623
5885
6306
5313
7791
9345
2724
3543
4949
5069
5226
7536
7696
7890
4112
3992
6316
7752
5413
7767
8981
6726
5285
7326
3660
199
9160
6046
862
9810
5731
6487
6455
9220
433
5073
5524
402
6442
8422
4938
7512
4842
2110
9577
7055
8341
9851
8080
7747
2664
1584
391
7220
8371
3558
7155
184
3197
2736
1801
2459
6923
2080
9454
4804
2726
977
4019
4231
266
2385
3064
6287
1580
1566
3391
1767
8738
3012
585
4175
1882
8462
5150
5669
1952
2298
4597
9109
9795
5782
