5069
2826
290
5395
5604
2721
6395
3280
2188
3989
4564
4196
1851
3054
1351
9190
4123
3381
3935
4522
7881
9934
9060
3857
2622
8033
839
5182
9069
5907
5283
9460
1837
6547
6791
8548
8815
7212
8972
4932
2950
7796
8054
6245
5975
3316
1701
3657
1404
7043
8979
6399
6054
3503
3054
515
5492
8029
4327
8231
0
8827
3253
8525
8365
3445
5949
1674
3083
1084
7761
8911
9120
4935
2289
18
9030
601
7781
7882
2343
462
7524
1260
3625
8665
9946
2723
400
2608
6194
1446
9953
3370
6467
7747
9364
813
9767
7567
2277
124
650
4173
7023
5914
4339
820
738
7026
334
8067
6118
3950
8088
4273
1980
2634
8730
2949
9621
9541
4548
8974
5266
2965
779
9880
3273
2577
1976
6066
5110
8708
101
5226
330
5863
4974
4562
7924
9509
3566
6628
653
6672
7763
1220
7722
2642
7237
6262
9519
153
7881
7955
8725
2041
482
8065
7899
3436
6839
7766
682
3279
7058
4702
2117
9333
6268
1126
1518
5588
4522
8506
338
3597
5551
5942
8285
8822
1974
698
9697
627
8475
6776
3529
4051
5480
8314
5877
9820
1083
2703
7632
8404
4141
5125
120
3100
7009
3544
8070
8698
2183
6954
9534
1498
9881
2109
748
6303
1335
5867
6789
9875
7608
5585
9090
681
6777
4952
6148
6264
1097
3565
6513
8464
9804
5282
6753
7882
2368
6194
3169
7345
8066
9341
1439
7855
9291
6258
250
1048
34
4095
572
3634
7145
1268
9434
531
8185
6374
8920
647
1066
7578
6718
6360
3597
6829
6577
4544
4538
9316
4255
7035
7407
7527
830
4303
1804
7475
686
9195
7678
4218
9899
5844
989
2384
3809
9590
1154
6117
2911
154
2857
929
1347
2506
8889
1129
6706
6545
1622
2567
1359
4585
724
5254
4046
839
7183
6044
4718
3805
7155
790
8813
6978
3780
2585
5991
9569
4010
7072
2723
3986
8962
7625
3820
9915
8671
6883
5575
4834
7363
8286
5522
4895
5709
5194
3703
4695
9311
9413
7412
9205
7925
7361
9042
7708
3193
8716
1306
2261
9862
1427
459
1756
585
8496
8558
8976
1189
1767
652
1314
4595
8086
5494
1365
2158
3191
2397
5063
8006
6362
2613
2285
224
103
3997
721
7597
2400
4510
7429
8669
845
9347
851
317
628
5986
6328
3258
7593
9092
2686
7877
1159
6808
65
5732
4651
9317
7568
369
1748
5129
6287
7177
421
7752
3950
7694
5235
9362
5295
4944
1461
9241
5569
771
7787
8982
7652
7201
4543
9139
3805
5444
6624
9818
5406
4300
7060
7427
8445
3142
556
595
649
5482
2376
10
3793
8928
4717
5247
3751
1074
2638
2111
8941
564
3448
1811
5311
1890
3886
7583
1188
8855
2208
3863
993
3700
6407
843
6528
4265
7071
3680
6058
6003
5468
2548
4346
2421
6670
5985
9703
89
9516
6459
620
1878
2891
8280
1917
4876
9450
351
6748
4246
4540
3843
6992
2652
6865
2610
6878
4926
1728
8354
7162
1356
1500
4489
8146
253
9657
1727
8247
2721
8893
5794
8683
6805
1682
9757
0
5975
42
3228
8398
3818
1120
8163
2824
9587
7020
3337
6018
461
5260
8181
7831
9138
6609
7813
1290
8327
5454
9434
5506
318
8910
7305
7674
5006
5872
7033
9349
2499
408
547
811
6312
9302
7349
3190
3777
3777
2145
7954
1775
8375
8139
2003
7437
127
1453
5761
7529
9483
1139
9533
1855
6343
7594
1276
8835
2129
3799
3551
5537
4550
1054
3194
8587
1991
352
8526
7285
788
848
8873
4555
3970
2066
1345
2115
8678
663
347
5457
8025
5833
5547
2049
4443
850
2432
2965
1075
4267
3241
2417
6140
6777
4160
8785
8602
2617
5081
7806
6246
2401
6875
9146
7430
8831
4954
3393
33
9155
9780
4354
9003
8870
699
4213
7462
1959
1753
8565
6477
7886
1919
594
6713
1541
1680
9048
1238
4758
1891
6607
8904
6148
3729
8391
9658
6611
6157
7236
7090
849
9263
4717
2094
6412
4463
6290
4779
8315
6888
139
5193
1356
92
3204
6570
9536
355
5706
8962
1649
8113
3675
6146
5874
8991
553
9066
6900
288
4695
7498
6425
4857
7364
4865
8271
4385
2517
154
5646
8065
9825
4971
6954
6756
2749
2136
5644
1610
1142
7241
4207
1356
4521
9555
8452
6393
2331
7543
3814
6651
3250
5821
5019
5933
7566
1874
308
8133
1184
4806
6806
16
350
7668
7027
7229
5207
5111
605
3976
4494
822
7218
6322
6618
1026
4171
7970
5689
1784
2820
2462
2270
5503
4379
1179
79
6170
3975
3989
9284
2022
2301
1597
8198
5776
4698
6876
2688
5905
2544
9405
195
6468
7103
2822
6111
8052
9979
1756
2653
9088
2409
963
9544
2351
5877
6102
4276
3682
5719
854
1567
34
5189
8683
2623
3867
4367
6120
6746
8901
507
1629
9904
3029
8738
1083
8410
1661
8229
6632
5786
1645
4005
3565
6509
4396
3631
1911
9028
8900
1649
3948
1707
4733
3124
172
8058
3112
2513
9595
4458
3574
2514
1378
1001
862
602
2973
3440
9306
8814
4547
6688
8321
3848
6412
2463
8203
1112
8440
8160
7709
4470
8661
78
9957
1040
1747
5025
5840
1493
9288
1953
4113
4853
4698
988
8483
1156
8458
863
1771
8555
4392
8108
552
336
6711
429
1354
1677
1411
5546
2822
9614
6747
6573
3217
8295
2015
8287
633
8961
2565
6737
5638
4218
5033
653
841
2410
7821
4305
2527
3930
4799
1326
9253
7026
5929
2275
6454
2405
4295
7277
9277
6650
723
9679
3
2643
829
5788
5424
7019
9424
2617
1038
640
9751
120
8319
7120
7638
7155
268
555
5881
1512
7460
5166
1055
2817
6585
3329
5442
8699
6770
6150
648
958
7788
7315
583
190
2564
9750
4760
9717
553
2696
5629
1872
1769
4202
7507
7627
9776
5669
1317
9903
5261
7333
5794
5130
997
6011
6813
8573
906
8776
5023
4437
3417
736
5227
5545
9474
1525
7275
7911
735
